P1-T; P2-T ; P3-T
22.14;24.46;25.48
19.00;22.63;24.10
19.23;22.73;24.67
20.60;21.69;22.07
21.15;23.96;24.41
19.09;22.05;24.11
19.05;22.44;25.14
21.20;23.68;24.46
23.94;22.71;24.39
19.05;24.60;23.06
19.46;22.62;22.61
19.16;23.11;22.00
21.05;25.05;23.69
21.88;22.08;24.10
21.78;22.36;24.14
18.93;22.32;24.11
21.22;23.71;24.41
20.14;24.21;25.89
19.04;20.23;22.27
20.67;22.24;24.70
20.98;22.38;23.71
19.19;22.86;21.76
22.32;20.80;22.70
21.20;22.04;21.53
20.66;22.02;24.31
21.11;20.86;21.35
20.75;22.34;24.50
20.72;20.80;24.48
18.56;22.14;24.32
22.40;24.22;26.47
