t_base; t_disco (s); t_anel (s); t_placa (s)
9.25; 50.00 ; 9.88; 50.00
9.37; 50.00 ;9.67; 50.00
9.93; 50.00 ;9.80; 50.00
8.92; 50.00 ;9.94; 50.00
8.79; 50.00 ;9.95; 50.00
9.05; 50.00 ;9.50; 50.00
9.10; 50.00 ;10.15; 50.00
9.21; 50.00 ;9.46; 50.00
8.63; 50.00 ;9.29; 50.00
8.55; 50.00 ;10.24; 50.00
9.10; 50.00 ;10.14; 50.00
9.06; 50.00 ; 10.00; 50.00
8.95; 50.00 ;9.92; 50.00
9.05; 50.00 ;10.12; 50.00
8.98; 50.00 ;10.12; 50.00
8.73; 50.00 ;10.15; 50.00
9.02; 50.00 ;9.97; 50.00
8.22; 50.00 ;9.51; 50.00
8.90; 50.00 ;9.67; 50.00
8.43; 50.00 ;9.43; 50.00
9.16; 50.00 ;9.67; 50.00
9.97; 50.00 ;9.88; 50.00
8.70; 50.00 ;9.75; 50.00
9.15; 50.00 ;9.88; 50.00
9.01; 50.00 ;9.35; 50.00
8.71; 50.00 ;9.82; 50.00
9.10; 50.00 ;9.60; 50.00
8.99; 50.00 ;9.73; 50.00
9.10; 50.00 ;9.88; 50.00
8.63; 50.00 ;9.76; 50.00