H1  ;  14.00 ; 0.70 ; Altura H1 e sua resolução em cm
H21 ;  80.00 ; 0.40 ; Altura H21 e sua resolução em cm
H22 ; 100.00 ; 0.40 ; Altura H22 e sua resolução em cm
H23 ; 120.00 ; 0.40 ; Altura H23 e sua resolução em cm
DX-H21 ; DX-H22 ; DX-H23
45.2;50.2;53.6
45.5;50.6;57.4
46.0;49.6;58.2
46.5;49.1;59.0
46.5;51.4;59.6
43.3;51.6;60.0
45.2;51.9;60.1
45.5;52.0;60.7
46.5;53.1;58.8
45.2;51.2;59.3
45.4;51.4;59.8
45.1;50.6;60.7
46.0;51.6;59.0
46.4;51.4;59.1
46.9;51.1;56.9
47.7;51.4;57.9
48.2;51.9;58.4
46.0;52.5;59.8
46.6;52.9;59.1
46.9;53.9;60.2
47.2;51.3;58.5
46.6;51.4;58.6
45.1;51.8;59.0
46.0;52.0;59.3
46.6;52.5;59.6
47.7;52.9;60.0
45.4;52.9;59.3
46.9;53.9;60.2
46.5;53.1;58.8
46.0;52.5;59.8

