m1 (g)  ;66.1; Massa da esfera 1 em g
m2 (g)  ; 16.5; Massa da esfera 2 em g
Dm (g)  ; 0.1 ; Resolução da balança em g
Dx (cm) ; 0.1 ; Resolução da fita métrica em cm
;;
x1 (cm);x1' (cm);x2' (cm)
69.2;47.3;101.1
70.3;47.6;103.2
70.8;48.3;101.3
68.9;45.4;101.5
72.1;46.0;103.3
71.7;44.8;99.5
70.4;45.3;102.1
69.8;45.7;103.0
70.0;46.1;99.8
70.7;47.0;102.3
71.5;46.2;102.8
71.0;46.3;100.2
69.6;47.7;103.8
70.9;47.9;102.8
70.1;44.3;102.7
70.5;44.1;104.3
71.7;44.1;102.1
72.5;44.4;104.0
71.0;45.3;101.0
72.7;45.8;104.8
72.2;45.3;104.8
71.8;46.0;105.0
70.9;46.4;97.3
70.1;45.4;101.6
71.4;45.5;97.3
70.0;46.0;101.6
72.7;45.6;101.6
70.0;46.3;101.5
70.0;46.3;103.3
71.8;45.3;101.6
